{
 "cells": [
  {
   "cell_type": "code",
   "execution_count": 1,
   "id": "b56ff5d7-dd2b-4a7f-ad1a-b887cc7814dd",
   "metadata": {},
   "outputs": [
    {
     "name": "stdout",
     "output_type": "stream",
     "text": [
      "Using backend: torch\n"
     ]
    }
   ],
   "source": [
    "import sys \n",
    "sys.path.append(\"C:/Users/L2S/Desktop/Efficient_and_reliable_GP/\")\n",
    "\n",
    "import gpmp.num as gnp\n",
    "from gpmp.kernel import maternp_kernel\n",
    "\n",
    "from Code.data_generation   .samplers                      import sampler, extract_K_samples\n",
    "from Code.gaussian_processes.gaussian_process              import GaussianProcessModel\n",
    "from Code.Parameters        .sampler_parameters            import sampler_parameters\n",
    "from Code.Parameters        .gaussian_process_parameters   import gaussian_process_model_parameters"
   ]
  },
  {
   "cell_type": "markdown",
   "id": "45c632df-d940-4390-ab24-5d4ab5a558c5",
   "metadata": {},
   "source": [
    "### Dataset generation"
   ]
  },
  {
   "cell_type": "code",
   "execution_count": 2,
   "id": "d064d6b3-a4c9-4cdf-804b-e571a199220c",
   "metadata": {},
   "outputs": [],
   "source": [
    "N_function             = 500\n",
    "N_train                = 25\n",
    "function_name          = \"Power sinus 1D\"\n",
    "function_X, function_Y = sampler          (N_function, function_name, sampler_parameters)\n",
    "train_X   , train_Y    = extract_K_samples(function_X, function_Y, N_train)"
   ]
  },
  {
   "cell_type": "markdown",
   "id": "65312a0b-3650-4f47-9106-ecf8c3bb5fcf",
   "metadata": {},
   "source": [
    "# 1 - Gaussian process regression"
   ]
  },
  {
   "cell_type": "code",
   "execution_count": 3,
   "id": "c2738ac3-19cc-4853-aaa5-4f4994cf61f0",
   "metadata": {},
   "outputs": [],
   "source": [
    "gaussian_process_model                 = GaussianProcessModel                                      (train_X, train_Y, gaussian_process_model_parameters)\n",
    "gaussian_process_model.train                                                                       ()\n",
    "hyperparameters                        = gaussian_process_model.get_hyperparameters                () \n",
    "covparam                               = gaussian_process_model.get_gaussian_process_model_covparam()\n",
    "optimization_infos                     = gaussian_process_model.optimization_infos                 \n",
    "y_posterior_mean, y_posterior_variance = gaussian_process_model.predict                            (function_X)"
   ]
  },
  {
   "cell_type": "code",
   "execution_count": 4,
   "id": "85e2400d-e3ce-4b81-af85-084ffe842790",
   "metadata": {},
   "outputs": [
    {
     "name": "stdout",
     "output_type": "stream",
     "text": [
      "{'Time': 0.09233403205871582, 'p': 5, 'mu': -0.13523242255667978, 'sigma': 0.8340344289608462, 'Length scales': [0.6180975975741381], 'Nugget': 1e-08} <class 'dict'>\n"
     ]
    }
   ],
   "source": [
    "print(hyperparameters, type(hyperparameters))"
   ]
  },
  {
   "cell_type": "code",
   "execution_count": 5,
   "id": "9eb96932-3916-4443-9c03-13338fcdb33a",
   "metadata": {},
   "outputs": [
    {
     "name": "stdout",
     "output_type": "stream",
     "text": [
      "tensor([-0.3630,  0.4811]) <class 'torch.Tensor'>\n"
     ]
    }
   ],
   "source": [
    "print(covparam, type(covparam))"
   ]
  },
  {
   "cell_type": "code",
   "execution_count": 6,
   "id": "c5768bba-d62e-4b7b-a536-711a96fce748",
   "metadata": {},
   "outputs": [
    {
     "name": "stdout",
     "output_type": "stream",
     "text": [
      "{'Hyperparameters history': [array([-1.30276673,  0.81879683]), array([ -1.10382217, -25.10699022]), array([-1.28287227, -1.77378187]), array([-1.30077728,  0.55953896]), array([ 4.48432768, -0.54405944]), array([-0.44897258,  0.39704402]), array([-0.39723342,  0.55987833]), array([-0.38870119,  0.50486035]), array([-0.36869435,  0.47794894]), array([-0.36639049,  0.48186936]), array([-0.36412583,  0.48132677]), array([-0.36296119,  0.48110891])], 'Criterion history': [-121.09840511584753, 2423261637.071649, 16095175.661505431, -121.93024380918328, -31.99908078150075, -124.42054892136841, -125.34019375187236, -125.88230038114781, -125.92683240312178, -125.92906301980591, -125.9290928647304, -125.92909636989512], 'Number of training iterations': 12} <class 'dict'>\n"
     ]
    }
   ],
   "source": [
    "print(optimization_infos, type(optimization_infos))"
   ]
  },
  {
   "cell_type": "code",
   "execution_count": 7,
   "id": "a587c196-b648-471e-a077-465585bb427d",
   "metadata": {},
   "outputs": [
    {
     "name": "stdout",
     "output_type": "stream",
     "text": [
      "[0.00493132 0.0183627  0.02486698 0.02635244 0.04485918] <class 'numpy.ndarray'>\n"
     ]
    }
   ],
   "source": [
    "print(y_posterior_mean[:5], type(y_posterior_mean[:5]))"
   ]
  },
  {
   "cell_type": "code",
   "execution_count": 8,
   "id": "c62dde0b-5fdb-4148-9e18-b90804263c4a",
   "metadata": {},
   "outputs": [
    {
     "name": "stdout",
     "output_type": "stream",
     "text": [
      "[9.94455815e-05 8.96273760e-05 8.51713621e-05 8.41800025e-05\n",
      " 7.26119657e-05] <class 'numpy.ndarray'>\n"
     ]
    }
   ],
   "source": [
    "print(y_posterior_variance[:5], type(y_posterior_variance[:5]))"
   ]
  },
  {
   "cell_type": "markdown",
   "id": "975edd36-2deb-44fc-b68c-1098e16dafe0",
   "metadata": {},
   "source": [
    "# 2 - Set custom hyperparameters"
   ]
  },
  {
   "cell_type": "code",
   "execution_count": 9,
   "id": "4590dbb6-15e3-42e8-a98f-f1804c891f80",
   "metadata": {},
   "outputs": [
    {
     "name": "stdout",
     "output_type": "stream",
     "text": [
      "{'Time': 0.09233403205871582, 'p': 5, 'mu': -0.13523242255667978, 'sigma': 1.0, 'Length scales': [1.0], 'Nugget': 1e-08}\n"
     ]
    }
   ],
   "source": [
    "sigma2           = 1\n",
    "rho              = [1]\n",
    "gaussian_process_model.set_hyperparameters(sigma2, rho)\n",
    "hyperparameters  = gaussian_process_model.get_hyperparameters()\n",
    "print(hyperparameters)"
   ]
  },
  {
   "cell_type": "markdown",
   "id": "b9817f93-edc4-4568-af93-14fbaf3faf39",
   "metadata": {},
   "source": [
    "# 3 - Covariance matrix computation"
   ]
  },
  {
   "cell_type": "code",
   "execution_count": 10,
   "id": "51953fe1-b1a4-4ae1-814e-ea9b563833c4",
   "metadata": {},
   "outputs": [],
   "source": [
    "covparam  = gaussian_process_model._gaussian_process_model.covparam\n",
    "sigma2    = gnp.exp(covparam[0])\n",
    "loginvrho = covparam[1:]"
   ]
  },
  {
   "cell_type": "code",
   "execution_count": 11,
   "id": "56d1d641-6f81-476c-92f8-6b8ef2a98010",
   "metadata": {},
   "outputs": [
    {
     "data": {
      "text/plain": [
       "tensor([[1.0000, 0.9631, 0.9090, 0.9314, 0.7971, 0.9342, 0.9999, 0.8993, 0.9594,\n",
       "         0.8609, 0.8524, 0.8628, 0.8860, 0.9543, 0.9384, 0.8697, 0.9719, 0.8903,\n",
       "         0.9264, 0.7858, 0.7534, 0.8330, 0.9233, 0.8565, 0.9287],\n",
       "        [0.9631, 1.0000, 0.9866, 0.9946, 0.9208, 0.9955, 0.9666, 0.7682, 0.9999,\n",
       "         0.7201, 0.7099, 0.7224, 0.9760, 0.8473, 0.9966, 0.9673, 0.8782, 0.9781,\n",
       "         0.9931, 0.9126, 0.8879, 0.6875, 0.8006, 0.9598, 0.8084],\n",
       "        [0.9090, 0.9866, 1.0000, 0.9982, 0.9708, 0.9976, 0.9143, 0.6782, 0.9887,\n",
       "         0.6285, 0.6183, 0.6309, 0.9984, 0.7641, 0.9967, 0.9956, 0.7996, 0.9989,\n",
       "         0.9989, 0.9654, 0.9483, 0.5957, 0.7127, 0.9925, 0.7211],\n",
       "        [0.9314, 0.9946, 0.9982, 1.0000, 0.9549, 1.0000, 0.9361, 0.7119, 0.9960,\n",
       "         0.6625, 0.6522, 0.6648, 0.9932, 0.7960, 0.9998, 0.9882, 0.8301, 0.9943,\n",
       "         0.9999, 0.9484, 0.9282, 0.6296, 0.7459, 0.9833, 0.7541],\n",
       "        [0.7971, 0.9208, 0.9708, 0.9549, 1.0000, 0.9525, 0.8042, 0.5431, 0.9258,\n",
       "         0.4957, 0.4861, 0.4979, 0.9826, 0.6296, 0.9488, 0.9888, 0.6675, 0.9807,\n",
       "         0.9589, 0.9998, 0.9966, 0.4653, 0.5770, 0.9927, 0.5854],\n",
       "        [0.9342, 0.9955, 0.9976, 1.0000, 0.9525, 1.0000, 0.9389, 0.7165, 0.9967,\n",
       "         0.6671, 0.6569, 0.6695, 0.9922, 0.8003, 0.9999, 0.9869, 0.8341, 0.9934,\n",
       "         0.9997, 0.9459, 0.9253, 0.6342, 0.7504, 0.9818, 0.7586],\n",
       "        [0.9999, 0.9666, 0.9143, 0.9361, 0.8042, 0.9389, 1.0000, 0.8937, 0.9631,\n",
       "         0.8545, 0.8459, 0.8565, 0.8918, 0.9502, 0.9429, 0.8758, 0.9686, 0.8960,\n",
       "         0.9312, 0.7930, 0.7608, 0.8263, 0.9182, 0.8629, 0.9238],\n",
       "        [0.8993, 0.7682, 0.6782, 0.7119, 0.5431, 0.7165, 0.8937, 1.0000, 0.7608,\n",
       "         0.9961, 0.9943, 0.9964, 0.6467, 0.9878, 0.7233, 0.6259, 0.9751, 0.6524,\n",
       "         0.7040, 0.5313, 0.4987, 0.9891, 0.9981, 0.6097, 0.9970],\n",
       "        [0.9594, 0.9999, 0.9887, 0.9960, 0.9258, 0.9967, 0.9631, 0.7608, 1.0000,\n",
       "         0.7125, 0.7023, 0.7148, 0.9788, 0.8408, 0.9976, 0.9707, 0.8721, 0.9808,\n",
       "         0.9946, 0.9178, 0.8936, 0.6798, 0.7936, 0.9635, 0.8014],\n",
       "        [0.8609, 0.7201, 0.6285, 0.6625, 0.4957, 0.6671, 0.8545, 0.9961, 0.7125,\n",
       "         1.0000, 0.9998, 1.0000, 0.5971, 0.9703, 0.6740, 0.5765, 0.9523, 0.6028,\n",
       "         0.6545, 0.4843, 0.4531, 0.9983, 0.9886, 0.5606, 0.9863],\n",
       "        [0.8524, 0.7099, 0.6183, 0.6522, 0.4861, 0.6569, 0.8459, 0.9943, 0.7023,\n",
       "         0.9998, 1.0000, 0.9997, 0.5870, 0.9658, 0.6638, 0.5664, 0.9467, 0.5926,\n",
       "         0.6442, 0.4748, 0.4439, 0.9992, 0.9857, 0.5506, 0.9831],\n",
       "        [0.8628, 0.7224, 0.6309, 0.6648, 0.4979, 0.6695, 0.8565, 0.9964, 0.7148,\n",
       "         1.0000, 0.9997, 1.0000, 0.5995, 0.9713, 0.6764, 0.5789, 0.9535, 0.6051,\n",
       "         0.6569, 0.4865, 0.4552, 0.9980, 0.9893, 0.5629, 0.9870],\n",
       "        [0.8860, 0.9760, 0.9984, 0.9932, 0.9826, 0.9922, 0.8918, 0.6467, 0.9788,\n",
       "         0.5971, 0.5870, 0.5995, 1.0000, 0.7337, 0.9905, 0.9993, 0.7702, 0.9999,\n",
       "         0.9947, 0.9784, 0.9642, 0.5646, 0.6814, 0.9978, 0.6899],\n",
       "        [0.9543, 0.8473, 0.7641, 0.7960, 0.6296, 0.8003, 0.9502, 0.9878, 0.8408,\n",
       "         0.9703, 0.9658, 0.9713, 0.7337, 1.0000, 0.8066, 0.7133, 0.9977, 0.7393,\n",
       "         0.7886, 0.6175, 0.5834, 0.9549, 0.9955, 0.6972, 0.9968],\n",
       "        [0.9384, 0.9966, 0.9967, 0.9998, 0.9488, 0.9999, 0.9429, 0.7233, 0.9976,\n",
       "         0.6740, 0.6638, 0.6764, 0.9905, 0.8066, 1.0000, 0.9848, 0.8401, 0.9919,\n",
       "         0.9994, 0.9419, 0.9208, 0.6411, 0.7571, 0.9794, 0.7652],\n",
       "        [0.8697, 0.9673, 0.9956, 0.9882, 0.9888, 0.9869, 0.8758, 0.6259, 0.9707,\n",
       "         0.5765, 0.5664, 0.5789, 0.9993, 0.7133, 0.9848, 1.0000, 0.7503, 0.9989,\n",
       "         0.9902, 0.9853, 0.9732, 0.5443, 0.6607, 0.9996, 0.6691],\n",
       "        [0.9719, 0.8782, 0.7996, 0.8301, 0.6675, 0.8341, 0.9686, 0.9751, 0.8721,\n",
       "         0.9523, 0.9467, 0.9535, 0.7702, 0.9977, 0.8401, 0.7503, 1.0000, 0.7756,\n",
       "         0.8230, 0.6553, 0.6211, 0.9335, 0.9869, 0.7345, 0.9892],\n",
       "        [0.8903, 0.9781, 0.9989, 0.9943, 0.9807, 0.9934, 0.8960, 0.6524, 0.9808,\n",
       "         0.6028, 0.5926, 0.6051, 0.9999, 0.7393, 0.9919, 0.9989, 0.7756, 1.0000,\n",
       "         0.9957, 0.9763, 0.9615, 0.5702, 0.6871, 0.9971, 0.6956],\n",
       "        [0.9264, 0.9931, 0.9989, 0.9999, 0.9589, 0.9997, 0.9312, 0.7040, 0.9946,\n",
       "         0.6545, 0.6442, 0.6569, 0.9947, 0.7886, 0.9994, 0.9902, 0.8230, 0.9957,\n",
       "         1.0000, 0.9527, 0.9332, 0.6216, 0.7382, 0.9858, 0.7464],\n",
       "        [0.7858, 0.9126, 0.9654, 0.9484, 0.9998, 0.9459, 0.7930, 0.5313, 0.9178,\n",
       "         0.4843, 0.4748, 0.4865, 0.9784, 0.6175, 0.9419, 0.9853, 0.6553, 0.9763,\n",
       "         0.9527, 1.0000, 0.9981, 0.4542, 0.5651, 0.9898, 0.5734],\n",
       "        [0.7534, 0.8879, 0.9483, 0.9282, 0.9966, 0.9253, 0.7608, 0.4987, 0.8936,\n",
       "         0.4531, 0.4439, 0.4552, 0.9642, 0.5834, 0.9208, 0.9732, 0.6211, 0.9615,\n",
       "         0.9332, 0.9981, 1.0000, 0.4240, 0.5318, 0.9794, 0.5400],\n",
       "        [0.8330, 0.6875, 0.5957, 0.6296, 0.4653, 0.6342, 0.8263, 0.9891, 0.6798,\n",
       "         0.9983, 0.9992, 0.9980, 0.5646, 0.9549, 0.6411, 0.5443, 0.9335, 0.5702,\n",
       "         0.6216, 0.4542, 0.4240, 1.0000, 0.9782, 0.5287, 0.9750],\n",
       "        [0.9233, 0.8006, 0.7127, 0.7459, 0.5770, 0.7504, 0.9182, 0.9981, 0.7936,\n",
       "         0.9886, 0.9857, 0.9893, 0.6814, 0.9955, 0.7571, 0.6607, 0.9869, 0.6871,\n",
       "         0.7382, 0.5651, 0.5318, 0.9782, 1.0000, 0.6444, 0.9999],\n",
       "        [0.8565, 0.9598, 0.9925, 0.9833, 0.9927, 0.9818, 0.8629, 0.6097, 0.9635,\n",
       "         0.5606, 0.5506, 0.5629, 0.9978, 0.6972, 0.9794, 0.9996, 0.7345, 0.9971,\n",
       "         0.9858, 0.9898, 0.9794, 0.5287, 0.6444, 1.0000, 0.6529],\n",
       "        [0.9287, 0.8084, 0.7211, 0.7541, 0.5854, 0.7586, 0.9238, 0.9970, 0.8014,\n",
       "         0.9863, 0.9831, 0.9870, 0.6899, 0.9968, 0.7652, 0.6691, 0.9892, 0.6956,\n",
       "         0.7464, 0.5734, 0.5400, 0.9750, 0.9999, 0.6529, 1.0000]])"
      ]
     },
     "execution_count": 11,
     "metadata": {},
     "output_type": "execute_result"
    }
   ],
   "source": [
    "Sigma = gaussian_process_model.compute_covariance_matrix(train_X, train_X)\n",
    "Sigma"
   ]
  },
  {
   "cell_type": "code",
   "execution_count": 12,
   "id": "96925269-93cc-42e7-b290-cc116e12fff9",
   "metadata": {},
   "outputs": [
    {
     "data": {
      "text/plain": [
       "tensor([[1.0000, 0.9631, 0.9090, 0.9314, 0.7971, 0.9342, 0.9999, 0.8993, 0.9594,\n",
       "         0.8609, 0.8524, 0.8628, 0.8860, 0.9543, 0.9384, 0.8697, 0.9719, 0.8903,\n",
       "         0.9264, 0.7858, 0.7534, 0.8330, 0.9233, 0.8565, 0.9287],\n",
       "        [0.9631, 1.0000, 0.9866, 0.9946, 0.9208, 0.9955, 0.9666, 0.7682, 0.9999,\n",
       "         0.7201, 0.7099, 0.7224, 0.9760, 0.8473, 0.9966, 0.9673, 0.8782, 0.9781,\n",
       "         0.9931, 0.9126, 0.8879, 0.6875, 0.8006, 0.9598, 0.8084],\n",
       "        [0.9090, 0.9866, 1.0000, 0.9982, 0.9708, 0.9976, 0.9143, 0.6782, 0.9887,\n",
       "         0.6285, 0.6183, 0.6309, 0.9984, 0.7641, 0.9967, 0.9956, 0.7996, 0.9989,\n",
       "         0.9989, 0.9654, 0.9483, 0.5957, 0.7127, 0.9925, 0.7211],\n",
       "        [0.9314, 0.9946, 0.9982, 1.0000, 0.9549, 1.0000, 0.9361, 0.7119, 0.9960,\n",
       "         0.6625, 0.6522, 0.6648, 0.9932, 0.7960, 0.9998, 0.9882, 0.8301, 0.9943,\n",
       "         0.9999, 0.9484, 0.9282, 0.6296, 0.7459, 0.9833, 0.7541],\n",
       "        [0.7971, 0.9208, 0.9708, 0.9549, 1.0000, 0.9525, 0.8042, 0.5431, 0.9258,\n",
       "         0.4957, 0.4861, 0.4979, 0.9826, 0.6296, 0.9488, 0.9888, 0.6675, 0.9807,\n",
       "         0.9589, 0.9998, 0.9966, 0.4653, 0.5770, 0.9927, 0.5854],\n",
       "        [0.9342, 0.9955, 0.9976, 1.0000, 0.9525, 1.0000, 0.9389, 0.7165, 0.9967,\n",
       "         0.6671, 0.6569, 0.6695, 0.9922, 0.8003, 0.9999, 0.9869, 0.8341, 0.9934,\n",
       "         0.9997, 0.9459, 0.9253, 0.6342, 0.7504, 0.9818, 0.7586],\n",
       "        [0.9999, 0.9666, 0.9143, 0.9361, 0.8042, 0.9389, 1.0000, 0.8937, 0.9631,\n",
       "         0.8545, 0.8459, 0.8565, 0.8918, 0.9502, 0.9429, 0.8758, 0.9686, 0.8960,\n",
       "         0.9312, 0.7930, 0.7608, 0.8263, 0.9182, 0.8629, 0.9238],\n",
       "        [0.8993, 0.7682, 0.6782, 0.7119, 0.5431, 0.7165, 0.8937, 1.0000, 0.7608,\n",
       "         0.9961, 0.9943, 0.9964, 0.6467, 0.9878, 0.7233, 0.6259, 0.9751, 0.6524,\n",
       "         0.7040, 0.5313, 0.4987, 0.9891, 0.9981, 0.6097, 0.9970],\n",
       "        [0.9594, 0.9999, 0.9887, 0.9960, 0.9258, 0.9967, 0.9631, 0.7608, 1.0000,\n",
       "         0.7125, 0.7023, 0.7148, 0.9788, 0.8408, 0.9976, 0.9707, 0.8721, 0.9808,\n",
       "         0.9946, 0.9178, 0.8936, 0.6798, 0.7936, 0.9635, 0.8014],\n",
       "        [0.8609, 0.7201, 0.6285, 0.6625, 0.4957, 0.6671, 0.8545, 0.9961, 0.7125,\n",
       "         1.0000, 0.9998, 1.0000, 0.5971, 0.9703, 0.6740, 0.5765, 0.9523, 0.6028,\n",
       "         0.6545, 0.4843, 0.4531, 0.9983, 0.9886, 0.5606, 0.9863],\n",
       "        [0.8524, 0.7099, 0.6183, 0.6522, 0.4861, 0.6569, 0.8459, 0.9943, 0.7023,\n",
       "         0.9998, 1.0000, 0.9997, 0.5870, 0.9658, 0.6638, 0.5664, 0.9467, 0.5926,\n",
       "         0.6442, 0.4748, 0.4439, 0.9992, 0.9857, 0.5506, 0.9831],\n",
       "        [0.8628, 0.7224, 0.6309, 0.6648, 0.4979, 0.6695, 0.8565, 0.9964, 0.7148,\n",
       "         1.0000, 0.9997, 1.0000, 0.5995, 0.9713, 0.6764, 0.5789, 0.9535, 0.6051,\n",
       "         0.6569, 0.4865, 0.4552, 0.9980, 0.9893, 0.5629, 0.9870],\n",
       "        [0.8860, 0.9760, 0.9984, 0.9932, 0.9826, 0.9922, 0.8918, 0.6467, 0.9788,\n",
       "         0.5971, 0.5870, 0.5995, 1.0000, 0.7337, 0.9905, 0.9993, 0.7702, 0.9999,\n",
       "         0.9947, 0.9784, 0.9642, 0.5646, 0.6814, 0.9978, 0.6899],\n",
       "        [0.9543, 0.8473, 0.7641, 0.7960, 0.6296, 0.8003, 0.9502, 0.9878, 0.8408,\n",
       "         0.9703, 0.9658, 0.9713, 0.7337, 1.0000, 0.8066, 0.7133, 0.9977, 0.7393,\n",
       "         0.7886, 0.6175, 0.5834, 0.9549, 0.9955, 0.6972, 0.9968],\n",
       "        [0.9384, 0.9966, 0.9967, 0.9998, 0.9488, 0.9999, 0.9429, 0.7233, 0.9976,\n",
       "         0.6740, 0.6638, 0.6764, 0.9905, 0.8066, 1.0000, 0.9848, 0.8401, 0.9919,\n",
       "         0.9994, 0.9419, 0.9208, 0.6411, 0.7571, 0.9794, 0.7652],\n",
       "        [0.8697, 0.9673, 0.9956, 0.9882, 0.9888, 0.9869, 0.8758, 0.6259, 0.9707,\n",
       "         0.5765, 0.5664, 0.5789, 0.9993, 0.7133, 0.9848, 1.0000, 0.7503, 0.9989,\n",
       "         0.9902, 0.9853, 0.9732, 0.5443, 0.6607, 0.9996, 0.6691],\n",
       "        [0.9719, 0.8782, 0.7996, 0.8301, 0.6675, 0.8341, 0.9686, 0.9751, 0.8721,\n",
       "         0.9523, 0.9467, 0.9535, 0.7702, 0.9977, 0.8401, 0.7503, 1.0000, 0.7756,\n",
       "         0.8230, 0.6553, 0.6211, 0.9335, 0.9869, 0.7345, 0.9892],\n",
       "        [0.8903, 0.9781, 0.9989, 0.9943, 0.9807, 0.9934, 0.8960, 0.6524, 0.9808,\n",
       "         0.6028, 0.5926, 0.6051, 0.9999, 0.7393, 0.9919, 0.9989, 0.7756, 1.0000,\n",
       "         0.9957, 0.9763, 0.9615, 0.5702, 0.6871, 0.9971, 0.6956],\n",
       "        [0.9264, 0.9931, 0.9989, 0.9999, 0.9589, 0.9997, 0.9312, 0.7040, 0.9946,\n",
       "         0.6545, 0.6442, 0.6569, 0.9947, 0.7886, 0.9994, 0.9902, 0.8230, 0.9957,\n",
       "         1.0000, 0.9527, 0.9332, 0.6216, 0.7382, 0.9858, 0.7464],\n",
       "        [0.7858, 0.9126, 0.9654, 0.9484, 0.9998, 0.9459, 0.7930, 0.5313, 0.9178,\n",
       "         0.4843, 0.4748, 0.4865, 0.9784, 0.6175, 0.9419, 0.9853, 0.6553, 0.9763,\n",
       "         0.9527, 1.0000, 0.9981, 0.4542, 0.5651, 0.9898, 0.5734],\n",
       "        [0.7534, 0.8879, 0.9483, 0.9282, 0.9966, 0.9253, 0.7608, 0.4987, 0.8936,\n",
       "         0.4531, 0.4439, 0.4552, 0.9642, 0.5834, 0.9208, 0.9732, 0.6211, 0.9615,\n",
       "         0.9332, 0.9981, 1.0000, 0.4240, 0.5318, 0.9794, 0.5400],\n",
       "        [0.8330, 0.6875, 0.5957, 0.6296, 0.4653, 0.6342, 0.8263, 0.9891, 0.6798,\n",
       "         0.9983, 0.9992, 0.9980, 0.5646, 0.9549, 0.6411, 0.5443, 0.9335, 0.5702,\n",
       "         0.6216, 0.4542, 0.4240, 1.0000, 0.9782, 0.5287, 0.9750],\n",
       "        [0.9233, 0.8006, 0.7127, 0.7459, 0.5770, 0.7504, 0.9182, 0.9981, 0.7936,\n",
       "         0.9886, 0.9857, 0.9893, 0.6814, 0.9955, 0.7571, 0.6607, 0.9869, 0.6871,\n",
       "         0.7382, 0.5651, 0.5318, 0.9782, 1.0000, 0.6444, 0.9999],\n",
       "        [0.8565, 0.9598, 0.9925, 0.9833, 0.9927, 0.9818, 0.8629, 0.6097, 0.9635,\n",
       "         0.5606, 0.5506, 0.5629, 0.9978, 0.6972, 0.9794, 0.9996, 0.7345, 0.9971,\n",
       "         0.9858, 0.9898, 0.9794, 0.5287, 0.6444, 1.0000, 0.6529],\n",
       "        [0.9287, 0.8084, 0.7211, 0.7541, 0.5854, 0.7586, 0.9238, 0.9970, 0.8014,\n",
       "         0.9863, 0.9831, 0.9870, 0.6899, 0.9968, 0.7652, 0.6691, 0.9892, 0.6956,\n",
       "         0.7464, 0.5734, 0.5400, 0.9750, 0.9999, 0.6529, 1.0000]])"
      ]
     },
     "execution_count": 12,
     "metadata": {},
     "output_type": "execute_result"
    }
   ],
   "source": [
    "p      = gaussian_process_model_parameters[\"Matern parameter\"]\n",
    "nugget = gaussian_process_model_parameters[\"Nugget\"          ]\n",
    "K      = gnp.scaled_distance(loginvrho, train_X, train_X) \n",
    "K      = sigma2 * maternp_kernel(p, K)\n",
    "K      = K + nugget * gnp.eye(K.shape[0])\n",
    "K"
   ]
  }
 ],
 "metadata": {
  "kernelspec": {
   "display_name": "Python 3 (ipykernel)",
   "language": "python",
   "name": "python3"
  },
  "language_info": {
   "codemirror_mode": {
    "name": "ipython",
    "version": 3
   },
   "file_extension": ".py",
   "mimetype": "text/x-python",
   "name": "python",
   "nbconvert_exporter": "python",
   "pygments_lexer": "ipython3",
   "version": "3.11.7"
  }
 },
 "nbformat": 4,
 "nbformat_minor": 5
}
